Year,Quarter,Average Outstanding Shares,Average Outstanding Shares diluted,BookValue per Share,Sale per Share,Tangible BookValue per Share,Cash Flow per Share,EPS Basis,EPS Diluted,EPS before other income,Basic EPS in year,Beta,Cash Ratio,Quick Ratio,Current Ratio,LT Debt/Equity,LT Debt/Total Assets,Debt/Equity,Debt/Total Assets,ST liabilities/ Equity,ST liabilities/ Total Assets,Total liabilities/ Equity,Total liabilities/ Total Assets,ROE %,ROCE %,ROA %,Account Receivable Turnover Ratio,Turnover Ratio,Inventory Turnover Ratio,Inventory Turn-Days,Payment Period Turnover Ratio,Average Payment Period,Sales per Employees,Net Profit per Employees,Dividend Yield %,Cash Dividend Ratio %,Dividend Payout Ratio %,Gross profit margin %,EBITDA/ Revenue %,EBIT/ Revenue %,Operating profit margin %,Pre-tax profit margin %,Net profit margin,Revenue/MarCap,Asset Turnover Ratio,Equity Turnover Ratio (%),The quality of earning by Financial Report (%),The Quality of earning by Cash Flow Statement (%),P/E cơ bản,P/E diluted,P/E before other income,P/B ,P/S,P/Tangible Book ,P/Cash Flow,EV/Sales,EV/EBITDA,EV/EBIT,Sale growth rate %,Gross profit growth rate %,EBITDA growth rate %,EBIT growth rate %,Pre-tax profit growth rate %,Net profit growth rate %,EPS growth rate %,Total assets growth rate %,Equity growth rate %,Capital growth rate %
2012,3,43708471.275,43708471.275,13405.8603080159,22080.0520946428,12925.5440564384,924.849729052895,2258.68311302544,2258.68311302544,2259.28394718262,3713,0.633081364553132,0.245069500226192,0.729107836939921,1.03613511646993,0.926868495485424,0.337960327808933,1.41472248219026,0.515844562813934,0.809669398135391,0.29522649280186,1.74253638435761,0.635374026137403,0.200749937508724,0.230584034484182,0.0599090841975959,6.74568883536451,54.1086327739392,8.36788224670154,43.6191606477106,7.37081958782723,49.5195948904774,1262322928.89429,94022462.8238095,0.112359550561798,2.25868311302544,0.442735855345609,0.184107549621311,0.199647612451232,0.165971939688541,0.0999984729921294,0.0744836845403475,2.48090472973515,0.80432492789939,2.69522028545699,-0.0255147884517819,0,0,3.94034911257592,3.94034911257592,3.93930121581155,0.663888761743873,0.4030787591375,0.68855902398683,9.62318495688393,0.864624045507254,4.33075074072552,5.2094591840632,-0.425144406832479,-0.543369913523904,0,0,-0.926422258625967,-0.931362648102143,-0.241561736018022,-0.190451706273718,0.00400395905579387,0
2012,4,42207751.2083333,42207751.2083333,12758.0540617289,19938.3332389675,12290.1959547632,0,1597.57018413923,1597.57018413923,1591.59590689676,1797,0.640112585687483,0.356684374818902,1.01571498452209,1.23385674978368,1.11862761716896,0.410961122297917,1.38109358621299,0.507385801563682,0.591673943220459,0.217369018973172,1.72197917631254,0.632620260763824,0.14281212791717,0.19259427322557,0.0454277529786195,7.60001796207535,48.02620228286,10.6722404895227,34.2008784714263,10.1578744416311,35.9327142796806,728468812.05843,41040684.643944,0.112359550561798,1.59757018413923,0.625950590420413,0.187710568131548,0.199109148021119,0.155558972862479,0.07618914149029,0.0563382865053284,2.24026216168174,0.806338917927918,2.53490364680622,-0.0198508549849617,0,0,5.57096025474167,5.57096025474167,5.59187163113088,0.697598548880416,0.446376329120923,0.724154442513241,0,0.914306489658972,4.59198634892453,5.87755545588013,0.131771578977988,0.0994664266434375,0.188684535089421,0.0419378727592525,-0.382904395423068,-0.378455719395499,-0.447516196109024,-0.217842836561979,0.0279131127035133,0
2013,1,38581493.1666667,38581493.1666667,12673.6115463147,24465.628757258,12236.6547546199,-1708.20849087666,1040.97821472341,1040.97821472341,1066.77436948084,1797,1.49768195814838,0.23534807588749,1.10045818609235,1.38333248535724,1.0482354721453,0.403942282219812,1.33847445839295,0.515787188836164,0.535922668974563,0.206520225418311,1.5950129963738,0.614645475225992,0.0805456196071661,0.153241302207455,0.0281449351097446,4.6125919804322,79.1312133283029,7.33430008303906,49.7661666235993,7.89566356022525,46.227906903063,605024143.754108,24444609.7857578,0,0,0,0.200789373580258,0.208391652014075,0.154508048405395,0.0551733663762921,0.0404027013435888,2.37530376284058,0.696610230845635,1.99357015567345,-0.0147706650327033,0.528017597026207,2.9434872497434,9.8945394383078,9.8945394383078,9.65527509346955,0.812712300859107,0.420998785773875,0.841733317360389,-6.02970893483498,1.04901466672735,5.03386127317854,6.78938526215132,-0.335637117198484,0.097577481791947,0,0,0.176753328030417,0.314425454848558,-0.408060876925322,0.0371570137695338,0.0825559371370186,0.0829644415223509
2013,2,39368304.4444444,39368304.4444444,13091.2755842933,20043.9376903073,12597.77721438,852.385295570825,547.782252406434,547.782252406434,565.752912852285,1797,1.54995639916936,0.568328260282732,1.1333632137984,1.41236682978025,0.919803211947437,0.354111063270639,1.17001088902219,0.450437435495224,0.662923657693201,0.255216113885907,1.5974992236954,0.615014321899459,0.0433039317183635,0.105069149311333,0.0161429874626995,4.31658040659617,84.5576742743499,8.00673854693355,45.5866015682239,12.828400666972,28.4524945451484,495677685.575167,13125537.7248935,0,0,0,0.192844800851284,0.330529877778717,0.130777145974175,0.0365872663154007,0.0264799850928594,1.83889336608324,0.609629779098803,1.63534577404429,-0.0101072812225413,2.63448203820003,-13.172026562563,19.8984175776338,19.8984175776338,19.2663612548574,0.832615578964482,0.543805322507609,0.865232002004125,12.7876443395243,1.14785458439903,3.47277103090662,8.77718026225854,1.05740716427637,0.102287328162089,0,0,1.06165232675484,1.09438362789777,-0.445832346294264,0.00242340538079455,-0.0320674015894414,0
2013,3,41699292.5583333,41699292.5583333,13091.2755842933,17361.35637906,12597.77721438,2858.3151970088,1272.01482806451,1272.01482806451,1245.28836455938,1797,0.692354705771423,0.568328260282732,1.1333632137984,1.41236682978025,0.919803211947437,0.354111063270639,1.17001088902219,0.450437435495224,0.662923657693201,0.255216113885907,1.5974992236954,0.615014321899459,0.104985204140374,0.136859621159694,0.0396888150558274,4.39336415750771,83.0798419876624,9.00006865974348,40.5552461652446,10.8005980925665,33.7944247968278,528343164.30493,32283699.6068168,0.0457317073170732,1.69601977075268,0.589615768191316,0.217516849365226,0.220152992871571,0.16205520660894,0.0825083435259543,0.0611036572211323,1.0586192914061,0.649532562546866,1.71814927149836,-0.021404686304822,0,0,12.8929314644501,12.8929314644501,13.1696404356936,1.25274270596491,0.944626654849415,1.30181695714382,5.73764573520879,1.51132981358457,6.86490696252411,9.32601824532305,0.191165996057265,0.643371446411897,0,0,2.15240004175234,2.15101767839973,1.39657703658877,0.0314454502687407,0.0671770013620923,0
2013,4,38611090.55,38611090.55,12853.87755022,20186.8890198,12474.0259221,9015.23446780759,1966.9504457703,1966.9504457703,1947.45742665898,1908,1.57283962728368,0.287596236128427,0.824983507674793,0.937113024640801,0.271884843466568,0.107801788351738,0.641620946767059,0.254401402533236,1.23158322865065,0.488320249337004,1.52208101204645,0.6035020305757,0.138015045850569,0.193539572651451,0.0533840809812867,4.7037562331143,77.5975586129254,9.4909223432376,38.4578007068056,9.03837008672402,40.383387325125,614330158.849665,46224042.4643944,0.0345622119815668,2.6226005943604,0.381300912594309,0.244968766514227,0.231051107307579,0.175381302364493,0.101128989977487,0.0752429972686821,0.930271383400922,0.709489027804936,1.83425768324642,-0.0258859927088051,0,0,11.0323064043954,11.0323064043954,11.1427339581066,1.68820652874732,1.07495513442987,1.73961479120823,2.40703667525102,1.26297273080528,5.46620505533433,7.20129633990552,-0.156682964760349,0.100557821327969,-0.020275865440194,-0.0492220588442381,0.119369484107704,0.126298034874895,0.0944122581571147,0.183809669926778,0.299243247834792,0.332693604864502
2014,1,44066085.3,44066085.3,12853.87755022,24855.48451356,12474.0259221,-879.519621680576,2090.39411839926,2090.39411839926,2065.26837395856,1908,1.97457638118896,0.287596236128427,0.824983507674793,0.937113024640801,0.271884843466568,0.107801788351738,0.641620946767059,0.254401402533236,1.23158322865065,0.488320249337004,1.52208101204645,0.6035020305757,0.160575152456488,0.19742674307375,0.0626202694465237,4.5507763572886,80.2060948161976,11.3738706364714,32.0910982431602,7.8675905839222,46.3928563778973,756405493.413268,56065420.2872794,0,0,0,0.209290524265661,0.186753955765683,0.151830695616542,0.0981113876355784,0.0741208528699137,1.09015282954211,0.844840109387649,2.16639644903043,-0.0239905347656646,23.3594470150928,-39.2082135864681,10.9070341326158,10.9070341326158,11.0397274695582,1.77378381822299,0.91730257712584,1.82779802947224,-25.9232420038953,1.070004905247,5.72948991018705,7.04735561476557,0.0904271386336375,-0.443828889726618,0,0,-0.264813643424773,-0.235329872971575,0.368298328580144,0.0511796264017232,0.0339131520487399,0
2014,2,46434445.9916667,46434445.9916667,13816.46180098,30222.2195888,13466.11149758,-2103.27663251387,2628.1393276427,2628.1393276427,2604.10503269385,1908,2.1144609677297,0.335291380207702,1.02933424992745,1.27176983492157,0.451369376354926,0.20148745631637,0.658265228121928,0.293844007466535,0.774355723493632,0.345665818693176,1.24018598778774,0.553608492575417,0.199578467537213,0.232193796311888,0.0801246488375993,5.25198362685917,69.4975510078427,10.2297993436609,35.6800742358822,7.380087417221,49.4574087494267,919726706.902009,74276441.6725502,0,0,0,0.196793091324242,0.179366169967506,0.145978164994703,0.105740480230125,0.0807592528466871,0.870957336853026,0.992142027238754,2.47127679494623,-0.0249812273834378,10.6465270883925,59.5436225719765,13.2032573901339,13.2032573901339,13.3251153714426,2.51149682891598,1.1481618647513,2.57683890455206,-16.4980675692317,1.33374261192378,7.43586492461423,9.13658979048113,0.464123226952176,0.540313612381144,0,0,0.948522037088449,0.949134241798979,0.426545880133101,-0.045140897845533,0.010846539139282,0
2014,3,48828832.625,48828832.625,13816.46180098,33151.09029472,13466.11149758,972.867887930589,2656.45788665831,2656.45788665831,2672.20094687857,1908,1.38991367594659,0.335291380207702,1.02933424992745,1.27176983492157,0.451369376354926,0.20148745631637,0.658265228121928,0.293844007466535,0.774355723493632,0.345665818693176,1.24018598778774,0.553608492575417,0.199189178414266,0.237465985099612,0.0829059316154016,5.01031724693135,72.8496783758654,10.665254974421,34.223279319191,6.59982557599419,55.3044918834869,1008858499.535,78948105.6135119,0.0444444444444444,2.65645788665831,0.376441126743382,0.186366065469165,0.166239394312704,0.135516006665866,0.101274996531705,0.0782548847533134,1.47338179087644,1.05943458835509,2.54538971007599,-0.0230201117783914,0,0,8.4699253517261,8.4699253517261,8.42002545739779,1.62849218013284,0.678710709058748,1.67086096116488,23.1274978639292,0.847895554644153,5.10044901300124,6.25679265132687,-0.139987383884416,0.0250452895361795,0,0,0.0145475416802807,0.0150817678639279,0.0883893568023018,-0.000118728374298271,0.0633529830432851,0
2014,4,50000000,50000000,13243.59300608,33329.12509854,12875.80030852,3472.59890068,2477.27744736,2477.27744736,2488.99404996,2477,2.29357012088183,0.561915382859989,0.892643841901793,1.1133946507471,0.440424417645742,0.176082024149952,0.715523948137761,0.286067030046467,1.04732149985977,0.418719948854893,1.50124576754453,0.600199223532641,0.192923695249988,0.228404390954951,0.0774475448498636,7.02886850294305,51.9286994552781,11.0339150297501,33.0798269712854,10.3917300477359,35.1240840864151,996088616.214585,74036982.8858338,0.0448430493273543,2.47727744736,0.403668955637442,0.165180588576601,0.156253102123828,0.121460165691458,0.095406472147068,0.0743277070740905,1.49457960083139,1.04197408878311,2.59558249331814,-0.0210787650729774,0,0,9.00181771071496,9.00181771071496,8.95944287225531,1.68383307987208,0.669084469936382,1.7319311783085,6.42170335181332,0.722586420224843,4.62446127726928,5.94916379465849,0.651028301877007,0.113275910808129,0.116542122947253,0.14341818884718,0.557602678837351,0.630944439317612,0.630944439317612,0.0738444738231296,0.064783304522805,0
2015,1,50000000,50000000,13818.62125414,35381.65094702,13468.46550308,-1756.42421638,2621.78668378,2621.78668378,2631.812016385,2477,1.32864629394127,0.222332619105744,0.897895517167831,1.12226399575727,0.424727839198981,0.155762783030685,0.572123721129661,0.209818087764381,1.26693744860652,0.464630958245935,1.72676072509124,0.633264484559224,0.194720255630642,0.211620051236863,0.0794279342505417,4.9419368253502,73.8576823013383,9.24336522707857,39.4877829700732,7.45732290242368,48.9451784207135,1057431289.51046,78355848.2898984,0,0,0,0.162954331276777,0.151547438294753,0.118295119126783,0.0951067732265732,0.0741001794321533,1.70925849985604,1.07189935111111,2.62779735653581,-0.0210065937944199,34.4563477268433,56.1606529863477,7.89537918094674,7.89537918094674,7.86530339975918,1.49797867814044,0.585049013993041,1.53692341531159,-11.7853077900866,0.698483821293859,4.60901107371633,5.90458698930135,0.395800101782792,0.112700682079758,0,0,0.391181875444308,0.393465952169541,0.0645523750110248,0.161286215831905,0.0445607063777638,0
2015,2,55833333.3333333,55833333.3333333,14223.3757607,30762.79556725,13890.41396266,235.444719259701,2496.81300965373,2496.81300965373,2514.41248364776,2477,1.55649529865423,0.304121626082986,0.923760601382708,1.16756649290382,0.364266493624929,0.161552382241143,0.571747768820795,0.253570437332522,0.835234751044455,0.370427053059555,1.25478874759768,0.556499472039042,0.202449104367764,0.21791486087397,0.0837589884379491,5.01033590891625,72.8494070328611,10.3469706171297,35.2760255640172,8.81020202857969,41.4292429181493,1103268221.18051,83326594.7632995,0.0641025641025641,2.49681300965373,0.40051056932721,0.163049146326822,0.151112224969532,0.117850714972394,0.0968360346099813,0.0755270505971238,1.97197407482372,1.10899323852504,2.6804847106723,-0.0213089840128575,6.00513426151623,-6.90287295177006,6.24796488150447,6.24796488150447,6.20423263941501,1.09678604168665,0.507106058222086,1.12307668021527,66.257591374529,0.629528333457132,4.16596561650827,5.34174386302702,0.292586753759883,0.408968703436629,0,0,0.694624784987472,0.699490466871865,-0.0476673693170515,-0.148868235653879,0.0292905130776877,0
2015,3,55749998,55749998,13521.69632026,29806.5998076367,13203.8695014,592.914317342218,2029.83348584156,2029.83348584156,2039.52662152562,2477,1.54771200916667,0.13026592774039,1.00973685471561,1.11238084929965,0.383169322335467,0.155241046979444,0.772963500206683,0.313166154110648,1.02829998990634,0.416615730270421,1.46822170934085,0.594850010347306,0.165223431755586,0.185177798004796,0.0667766620602156,4.19075465745921,87.0964849613252,11.2721985134359,32.3805511023373,10.6383380377986,34.3098704612633,1068975450.59474,67640892.2749552,0.104166666666667,2.02983348584156,0.492651247984218,0.150352079185092,0.137593073271487,0.102346183654203,0.0811314606412165,0.063276375745881,3.10485414662882,1.05531742728743,2.61113930448746,-0.0178550848953356,4.39560174935298,-9.97179582378575,4.72945198064849,4.72945198064849,4.7069745982619,0.709970093442788,0.322076320746267,0.727059594082031,16.1912096220457,0.563647921232975,4.09648471272119,5.5072685771789,-0.34563525327544,-0.458928599562759,0,0,-0.69364738152067,-0.694736223711923,-0.271967374578652,0.0406550676158126,-0.0493328343598135,0
2015,4,57027777.4888889,57027777.4888889,12706.4384393667,29084.0839908861,12450.1763417,-1376.57630072109,1923.91784769057,1923.91784769057,1888.34589945192,1935,2.01980446545206,0.218572527005366,0.874329271172971,1.14196805259125,0.299286231726542,0.129317433043841,0.546351637951929,0.236070971095647,0.986925661185385,0.426436900800042,1.31435332949331,0.567913858590065,0.154035351485974,0.181484545421508,0.0641486174381343,5.15752491341617,70.7703803912866,8.34440381690218,43.741890734083,6.45318809696769,56.5611903008857,1043063348.04842,65580848.132098,0.0757575757575758,1.92391784769057,0.519772713372547,0.150867486224415,0.13771930897909,0.10268805544144,0.0807985791530565,0.062873312780859,2.20333969627925,1.02028371976709,2.44993216792719,-0.0179252663721975,0,0,6.86099981651762,6.86099981651762,6.99024474479554,1.038843422804,0.45385648054573,1.06022594682363,-9.58900715716629,0.660264512191863,4.79427697602019,6.42980830977363,0.0471591895230652,-0.0435784497348592,-0.0770484680813954,-0.114683070802695,-0.113173637422563,-0.114215010176405,-0.223374091690511,0.0653015356750264,0.151328504299394,0.2
2016,1,58291665.8722222,58291665.8722222,13273.6457310167,31982.6677769889,13027.2851076833,-2360.06034501679,2005.55576638117,2005.55576638117,1991.42817836876,1935,1.22281182886554,0.113244107988959,0.983272354487775,1.1329696112588,0.290971757021386,0.112388650557167,0.59633959992269,0.230337829331614,1.27225943647911,0.491413746434503,1.58897811815422,0.613747218260409,0.158943621580374,0.183392031708032,0.0659096810415156,3.6031938760113,101.299017638221,11.5466295827591,31.6109560269432,7.94299261146858,45.9524536725605,1147017335.71668,69878772.6371787,0,0,0,0.140900457174225,0.132368708957817,0.0969000799140301,0.078205880751783,0.0609221591176015,2.62153014565483,1.08186712349256,2.60896238548532,-0.0172837216341815,2.56718268209314,5.58623569934708,6.08310185361422,6.08310185361422,6.12625658937566,0.919114480469532,0.381456609094308,0.936495969740049,-5.16935934530658,0.569157915647254,4.29979199864093,5.87365785613605,1.07435920564546,0.217701616224947,0,0,0.770443766803466,0.782179054211522,0.078003080441339,0.170994584074016,0.0500856631620119,0
2016,2,57916665.3666667,57916665.3666667,13486.2085528,29149.5398389013,13245.8157842667,-1165.60574773446,1857.4195298356,1857.4195298356,1821.91454027895,1935,0.925008214378059,0.112938735750288,0.946953127212391,1.08991472246279,0.244754417866492,0.0850842475832522,0.575322189456707,0.199999885740877,1.60159475303746,0.556764146213733,1.87661259067969,0.652368899712103,0.141541730624038,0.164728866262746,0.0550319503153368,2.61876283810385,139.378791652735,9.80297953836202,37.2335776660193,6.2081844172959,58.7933565541507,1069707848.33945,65795440.5840979,0,0,0,0.143589914083315,0.13464056064112,0.0960204128178508,0.0777133908852939,0.0615078600070428,2.32267249712361,0.894714111481614,2.30119745033937,-0.0162055308782511,3.75295664466909,-12.1620931274364,6.75668571284527,6.75668571284527,6.88835822018223,0.930580299931249,0.430538528887906,0.947469012433862,-10.766933866269,0.613028602334427,4.55307523539235,6.38435707933617,-0.312929169370427,0.0594012660285783,0,0,0.106637539210775,0.161571516062039,-0.0467209500945762,0.128892652126547,0.0160138989762726,0
2016,3,59194442.6333333,59194442.6333333,13650.0080868167,26296.3530142784,13414.9221386667,1497.43130498007,1731.37012291569,1731.37012291569,1703.88955423163,1935,1.52261839829381,0.190002060559957,0.916411787156826,1.22353761574757,0.244667957874121,0.116033973787839,0.543552335269249,0.257780127692078,0.834020757308452,0.395535008069313,1.10858897516929,0.525749203957726,0.128792610268415,0.155658052831742,0.0520416607969526,2.65461061636115,137.496624834692,7.13947283294458,51.1242228299734,5.42523086928714,67.2782428608351,965003748.1737,62683479.7663609,0,0,0,0.152440767298083,0.145918943277206,0.102313117786252,0.0820224435542533,0.0649567215515912,2.6833013279876,0.801174375089406,1.98274492911596,-0.0170657220026621,4.97508776502067,8.30956916557467,5.6602570821174,5.6602570821174,5.75154649881009,0.71794829260687,0.372675252521853,0.730529771153337,6.54454061926431,0.572567472200645,3.92387348305371,5.59622739086916,-0.485171983379162,-0.461668695467286,0,0,-0.73848142846046,-0.751386388194536,-0.0343325052907766,-0.25808595658793,0.0121457067325759,0
2016,4,60000000,60000000,13727.2252581167,25805.9707731157,13497.27647895,6580.3499508,1467.07583065,1467.07583065,1464.5484996,1350,1.83540146265714,0.437742687486723,0.956360183759107,1.1255866668992,0.184933701800536,0.0795357072910135,0.420776209071679,0.180966114201529,1.11049997177347,0.477600349972542,1.32516574126739,0.569923131821595,0.11100056711319,0.144410718993031,0.0478457256530425,3.50581709723321,104.112676125648,7.47326186746499,48.8407881957189,5.41172861548782,67.4461019636881,947008070.198777,53837645.1614679,0,0,0,0.139801770540218,0.138851642892775,0.0938476826062304,0.071391535746716,0.0568502495973106,2.58059707731157,0.841609772902491,1.9525079995153,-0.0145412861494054,0,0,6.81628024338007,6.81628024338007,6.82804291065213,0.728479340286718,0.387507220244466,0.74089020963568,1.51967601643804,0.352751844915555,2.54049457079856,3.75876990373481,-0.11271158544301,-0.177791753284909,-0.0752639972266945,-0.152015735196437,-0.216014894946379,-0.19771099054091,-0.19771099054091,0.0853834027057983,0.0803361873290498,0
2017,1,59999998,59999998,14063.4560895333,21109.8806135794,13838.5610283333,3726.74002849133,1231.46199849873,1231.46199849873,1230.50639795438,1350,1.01380648671276,0.177500857376888,0.921242763010122,1.13890757681407,0.180512284197531,0.0707330802998527,0.470537027336755,0.184378218283717,1.34248717326803,0.526048703280377,1.55202068724139,0.60815364663797,0.0896876380959631,0.120305313278513,0.0363832531385579,2.4860460380722,146.819485403833,5.39270314417247,67.684051994301,4.94891588723003,73.7535266949738,774674492.107034,45191264.493578,0,0,0,0.152289124390351,0.153387178553405,0.0972714705284542,0.0724202388300576,0.0583358106585677,2.16511596036711,0.623686423961855,1.5374370748166,-0.0140844281714899,22.8120070682341,36.3508495862083,7.91741849272341,7.91741849272341,7.92356709092176,0.693286197782947,0.461869026096155,0.704553022531581,2.61622756764899,0.616590842538086,4.01983300268741,6.33886625943132,0.26303517747742,0.385757858645206,0,0,3.62911716109901,3.63257028044206,-0.157939244751579,0.124356217739045,0.0248399389553777,0
2017,2,59999998,59999998,12959.5232675167,20583.3602611953,12755.9485207833,33.8358414278614,798.018844950628,798.018844950628,586.119616474821,15,1.14198687582276,0.123299041621683,0.890432395016148,1.05492542312562,0.1139194605304,0.043285176812587,0.608215036796417,0.231099193107411,1.47113218461675,0.558975757340689,1.63183539768453,0.620037027817244,0.0586826273357666,0.0731270522351151,0.0244228211923477,2.54140662969848,143.621251213665,5.45468449957916,66.9149608979512,4.81513878606252,75.8025918290241,755352644.957187,29285094.2513761,0,0,0,0.117419189341619,0.116418180274488,0.058726219254473,0.0488299431198465,0.0387700955929479,3.62383103190059,0.629939669191586,1.51360543321541,-0.0100598475268986,-0.389040733297348,-47.036581252801,7.11762640185698,7.11762640185698,9.69085463162281,0.438287727314557,0.275951055994885,0.44528244926244,167.869329099141,0.640956033442527,5.50563521892624,10.9143078096877,0.158518469156049,-0.436394116066341,0,0,-0.328930276253582,-0.329601352637407,-0.351974423470544,-0.049676437252877,-0.0784965526957676,0
2017,3,59999998,59999998,12976.53329745,17299.5778787359,12777.0898578333,-893.99859136662,651.229335974311,651.229335974311,431.638921329631,1350,2.14576560507705,0.0911302645153574,0.891577429462378,1.13468093447317,0.184606871582881,0.0740078344333004,0.605913247955966,0.242907140731953,1.26309406885306,0.506367156974396,1.49442336742414,0.599105744013035,0.0484887454667495,0.0638775519733186,0.01939810178199,1.75694320672407,207.747181925456,4.39546998599254,83.0400392138223,3.57014683511066,102.236691334486,634846873.470948,23898323.4593272,0,0,0,0.122795699641797,0.123605385779714,0.0597252355568001,0.0491164075926684,0.0376442327401977,1.68776369548643,0.515300761098421,1.28807899476649,-0.0114721748524707,18.8356449763556,38.7775942824748,15.7394629415225,15.7394629415225,23.7467000622318,0.78988738864595,0.592500006176391,0.802217102176515,-11.4653424501835,0.960657865235738,7.77197416743468,16.0846224594984,-0.939239637189122,-0.145090402126209,0,0,-0.803747897351787,-0.924536939603078,-0.183942382059603,-0.0509674630531483,0.0013125505917313,0
2017,4,60000000,60000000,12413.6139989,13931.0882740196,12190.40496115,-6365.13845236667,15.7302573833333,15.7302573833333,-194.519202491667,15,1.46000568517752,0.0648425054048954,0.760092995199732,1.02537758722745,0.0780597114226794,0.0330284865205566,0.629244566587042,0.266244843938987,1.25285987513076,0.530107846208103,1.36340564300746,0.576881775264153,0.00120350056313598,0.0143814639265651,0.000513586728173702,1.56590654718146,233.091815509028,3.73235140346642,97.7935785095172,2.58582878283964,141.153970604029,511232580.170642,577257.151681957,0,0,0,0.0953698904304525,0.098790384830059,0.0157223050352856,0.00243848793055499,0.00112914781661465,2.09490049233378,0.454844547911812,1.06584855005454,-0.00130934011394034,0,0,422.752141808301,422.752141808301,0,0.535702173483828,0.477349641980356,0.5455109999375,-1.04475339378163,0.965662899612048,9.77486727350236,61.4199315841288,-0.460160270795438,-0.631732447841686,-0.61591398212078,-0.909560634242484,-0.981560942059438,-0.98927781573747,-0.98927781573747,-0.0808215597964352,-0.0956938663507362,0
2018,1,59999998,59999998,12078.40844245,8663.78346482612,11859.3866955833,-3495.53371041779,-645.083215952774,-645.083215952774,-873.218735982291,15,1.29625886301318,0.0105254857986299,0.714545046452505,1.02357162608311,0.0802260605015699,0.034240447253711,0.67468147053297,0.287953754184256,1.22946434527548,0.524734840543489,1.3430202271343,0.573200440858728,-0.0511577950746878,-0.0319260495864665,-0.0207540183840399,0.744880985567527,490.011165638636,2.08448452008632,175.103243263656,1.4714162503258,248.060329576475,317936997.285627,-23672777.7779817,0,0,0,0.0556267043997423,0.0583299518465145,-0.053865939170891,-0.0823237280094557,-0.0744574490546459,1.78634710614971,0.278736629411089,0.687074238027441,0.00786627895480985,2.11097457878949,2.99376591213302,0,0,0,0.401542970094843,0.559801617814018,0.408958753474683,-1.38748483115625,1.48235185162071,25.4132191900529,-27.5192797979055,-0.764145248570709,0,0,0,0,0,0,-0.0424016778253198,-0.0278349885223909,0
2018,2,59999998,59999998,11634.5741084833,2735.01779271726,11419.7396525,-710.063126485438,-1314.32626681088,-1314.32626681088,-1622.77131095488,15,1.18460251182009,0.00798058722491092,0.671396032114538,0.975272939279426,0.0603528052139591,0.0246870065762569,0.656781754026129,0.268653220398418,1.3822970264441,0.565421535273939,1.44471945302613,0.590955109895257,-0.107043436798538,-0.0894321187789181,-0.0443036610596114,0.251353191447886,1452.139906788,0.714413702984323,510.908453288738,0.558604690258575,653.413776083841,100367622.075229,-48232154.9724771,0,0,0,-0.183817358262465,-0.110961707625515,-0.456061179546701,-0.526328209844562,-0.480554923741495,0.54158768172619,0.0921927106992741,0.222749641113073,0.0457732861030667,1.13070306445759,-8.04761756032268,0,0,0,0.434051126660305,1.84642308852506,0.442216736429228,-7.11204372066991,4.59339934876725,-41.3962568444739,-10.0718928836101,1.27614705845197,0,0,0,0,0,0,0.00506411960560871,-0.0367460941631014,0
2018,3,59999998,59999998,11030.3708166124,3520.75435747515,10819.7236444908,6509.99121759971,-1935.53997700133,-1935.53997700133,-2247.36820540811,15,1.63965727817309,0.244113876892754,0.608594800377886,0.947645547987864,0.0636587128390207,0.0272988701606303,0.413329153501599,0.17724861832467,1.26621675099171,0.542993804602185,1.33191749198572,0.571168361043314,-0.164141514557673,-0.145127506461963,-0.0691151984724494,0.391199515807867,933.027739684794,0.955577333975824,381.968038611132,0.779988319176923,467.955725779539,129201990.462997,-71028987.6140673,0,0,0,-0.319390538463922,-0.23933839216378,-0.531393314297716,-0.592120053864061,-0.54975149654842,0.717057913946058,0.125720800955313,0.298574020422364,0.0423685573156403,-11.288229888274,-16.4998792188457,0,0,0,0.445134627079378,1.39458749502795,0.453800869720003,0.754225287850751,1.72112953196336,-7.19119701775879,-3.23889948490975,0.683530585816423,0,0,0,0,0,0,-0.0956766184462887,-0.0519317384475162,0
2018,4,60000000,60000000,10090.1972205667,3875.71558927385,9883.73734635,6185.98714046667,-2323.41677833333,-2323.41677833333,-2628.24940648333,-2323,0.573071952401385,0.245152078723799,0.651135681773062,0.890041011209819,0.0380059195689798,0.0141004957969214,0.461216665917191,0.171115019265143,1.65523449921184,0.614105048996249,1.69536051188198,0.628992116048412,-0.206490958857981,-0.177364816557718,-0.0821937440852183,0.463426978568909,787.610598604212,1.13956814946317,320.296772221956,0.91321943779558,399.684878457113,142228090.278287,-85263001.0397553,0,0,0,-0.368925330361909,-0.27902143970258,-0.555586266474019,-0.595754359605049,-0.599480741623735,0.775143117854771,0.137108231137819,0.344449695412543,-0.00372638201868655,0,0,0,0,0,0.495530453042939,1.29008434309206,0.505881512710014,0.808278434219765,1.43439956403055,-5.14082202987531,-2.58177649554559,-0.721793767074051,0,0,0,0,0,0,-0.0729994081926644,-0.187166829783753,0
2019,1,59999998,59999998,9817.46518715,4550.75091560836,9615.19260381667,7922.64928747164,-2260.94333066478,-2260.94333066478,-2590.29708790574,-2323,0.994934556378233,0.249266252540629,0.591950663176973,0.872609411383865,0.0390617350496891,0.0151695216529706,0.416136595686365,0.161605548008242,1.53384705818395,0.595665454488094,1.57501429137285,0.611652640783264,-0.212431741110118,-0.199879246207412,-0.0848110356924267,0.71457611169678,510.792334120011,1.20340741504653,303.305427103328,1.20731347038499,302.324134496409,167000028.033639,-82970394.6899083,0,0,0,-0.346430322351137,-0.261807058400899,-0.494117409775416,-0.49365499792094,-0.496828627317328,0.798377353615502,0.170704808517922,0.427575484643795,-0.00317362939638776,16.8611263985245,28.5777365296211,0,0,0,0.580597933513498,1.25254053796922,0.592811837979973,0.71945630724985,1.32545886799463,-5.06273160124271,-2.68247756863509,-0.410149114047444,0,0,0,0,0,0,-0.0702112357925297,-0.0270294056156566,0
2019,2,59999998,59999998,9256.04071631667,4983.9090295303,9057.95542386667,7766.01798798393,-2378.53347145112,-2378.53347145112,-2656.1019566534,-2323,1.67086401054556,0.226574078290409,0.576539157778233,0.838477207237646,0.0187942865311738,0.00731548314323055,0.347399145320483,0.135221551898196,1.54817563092309,0.60261147514126,1.56911077002006,0.610760263173786,-0.23670488514669,-0.227504163941773,-0.0933024252856608,1.02561920250332,355.882572312524,1.33371256476926,273.672161185005,1.41010941820641,258.845161437374,231989551.438324,-110715285.903801,0,0,0,-0.328799710832208,-0.271990557777154,-0.480308433710059,-0.474344748381674,-0.477242553457136,1.11997955719782,0.195503155805743,0.495984449483819,-0.00289780507546189,18.1070436852175,13.4586415273195,0,0,0,0.48076711591766,0.892873440031345,0.491280845595107,0.573009231614621,0.886601129640686,-3.25967613319537,-1.84589956664365,0.15635151939756,0,0,0,0,0,0,-0.0593478067254275,-0.0571862960683759,0
2019,3,59999998,59999998,8909.84889565,4760.10388320346,8715.95089408333,-149.245087391503,-2120.61603305387,-2120.61603305387,-2399.23468764116,-2323,2.10742183874827,0.109653297356431,0.487302056995363,0.826817462763471,0.0195245377788167,0.00752545183381988,0.339016675206997,0.130669093887591,1.57279958255241,0.60621294275103,1.59446717751513,0.614564405105422,-0.222791502223942,-0.230297400276726,-0.0853664503483836,1.0061145911832,362.781737983501,1.25061605193004,291.856161158899,1.41189860174961,258.517148149092,221571934.423584,-98709819.8153607,0,0,0,-0.334976655399736,-0.270149010182771,-0.476986896909673,-0.445497847334107,-0.445497847334107,1.03480519200075,0.191620343081842,0.500095575224759,0,24.8566164728981,39.7579529002005,0,0,0,0.516282605224184,0.966365464466352,0.527768003273473,-30.8217850275579,1.27811730677776,-4.7311567268488,-2.67956481626328,-0.152953953877028,0,0,0,0,0,0,-0.0279011407189815,-0.0374017175676847,0
2019,4,59999998,59999998,5627.29997033333,6757.73549559118,5437.58925965,1.49737613324587,-4476.4839900828,-4476.4839900828,-4773.95842178611,-4476,1.53125556746128,0.123054550119272,0.381920848124579,0.594093303830143,0.0141264779087222,0.00404686253620916,0.364068418922165,0.10429597913032,2.46720144766471,0.706788002809293,2.49072343879388,0.713526431545227,-0.569617896093333,-0.503824504118327,-0.191139087661226,1.32799346723455,274.850749650212,1.79115132450351,203.779543920542,1.85302359151136,196.975365921974,314557111.109387,-208370077.930178,0,0,0,-0.327664306771635,-0.462631849734937,-0.605938005546448,-0.657393799244058,-0.66242367624529,1.79727007861468,0.288545072459712,0.859899663191399,-0.0050298770012324,0,0,0,0,0,0.668171240172447,0.556399403683832,0.691482901789095,2511.05912303372,0.606752350189516,-1.31152308371581,-1.00134394052793,0.743609751523924,0,0,0,0,0,0,-0.277730971940523,-0.442300299258442,0
2020,1,59999998,59999998,5632.52269726667,7163.46265123209,5442.19881626667,-1260.37618682921,-3830.54329645144,-3830.54329645144,-4100.92963236432,-4476,1.56537649126764,0.00545870927159064,0.334589492066464,0.56560819459773,0.014113379206664,0.00420155651770647,0.291136842093113,0.0866715106657955,2.33504564711873,0.695143672832186,2.35908350802531,0.70229975003275,-0.514508619250036,-0.457973250440671,-0.173197809498128,1.59380753172306,229.011340914796,1.91267745332576,190.831966657702,2.07727332618325,175.711109077132,333442781.02948,-178303017.94104,0,0,0,-0.468785168090916,-0.431826993771953,-0.485899979401099,-0.529988485030876,-0.534733477781531,1.53393204523171,0.323895579189619,0.962177684076555,-0.00474499275065526,38.9015257559657,52.4878183032453,0,0,0,0.829113392169062,0.651919361818237,0.858109039684737,-3.70524296539477,0.870813627998527,-2.01657988166067,-1.79216642295778,0.430549499694509,0,0,0,0,0,0,-0.164678582285394,-0.0583890085068507,0
2020,2,59999998,59999998,5637.2131057571,10992.1718004057,5451.49166836639,-178.625695837523,-3264.42858616429,-3264.42858616429,-3284.92619397254,-4476,1.52577898255847,0.0191572156415036,0.387612531790221,0.664822152626981,0.00904988953940805,0.00235223860571766,0.364129885594756,0.0946442904813137,2.82817016391212,0.73509527537593,2.84735184492348,0.740080959499588,-0.499121789530183,-0.446536508807003,-0.151174924032476,2.14105698477524,170.476546208468,2.31258803690136,157.831829178302,2.4066043914978,151.665974386773,511660423.615206,-151951674.663305,0,0,0,-0.225261372448921,-0.222210299686088,-0.271125515687319,-0.293885327346809,-0.29697758053998,2.33875995753313,0.509044904189746,1.68067161373816,-0.00309225319317074,-11.8484803528111,-18.7303352402176,0,0,0,0.833745312058549,0.427577014382774,0.862149350291205,-26.3120038691135,0.586531436311537,-2.63953307808017,-2.16332068497738,0.668470363451307,0.714709007013937,0,0,-0.101959447008679,-0.101959447008679,0,0.146311349074188,0.000832703361427933,0
2020,3,59999998,59999998,5667.14287697143,15825.6459416215,5486.0238893008,1942.48604644953,-2888.21257365709,-2888.21257365709,-2904.82327972328,-4476,0.882359565991748,0.149000071100701,0.392494091401678,0.693463305602924,0.00900209453418063,0.00236555242805765,0.38010115078554,0.0998822214912546,2.78648401992807,0.732226707246489,2.80549356142245,0.737221996605819,-0.503601490298463,-0.452445935383911,-0.136327968262186,2.81207360165781,129.797456149377,2.97497883877174,122.689948326051,2.95076358770099,123.696795474008,736647575.520559,-134439680.871218,0,0,0,-0.13807584707118,-0.134829063615877,-0.16717956708058,-0.181730978488515,-0.182502033996671,2.93067517437436,0.746994240429522,2.75942946645543,-0.000771055508156071,-72.2344630842803,-91.7778799274824,0,0,0,0.952861100774965,0.341218299709206,0.98431944682768,2.77994274907153,0.328654348067387,-2.43756308360719,-1.96587629580939,0.167167934917448,-0.688930997789345,0,0,0.735876580218411,-0.692516902635117,0,-0.00186519962882492,0.00143870693844428,0
